1.0795023143511882
0.6419710035935148
0.6187682651281874
0.5960357029709137
0.58299968101449
0.5711568091550014
0.5650223848195488
0.5604338801917103
0.5518188657552625
0.5472069403840837
0.548909621199884
0.5431423635311593
0.5405677638631443
0.5367277781496151
0.5348951783874655
0.5343688700483811
0.5317440641654765
0.5299164917857141
0.5289230289790932
0.5271253725485553
0.5270372742999809
0.5246718171119282
0.5239709195644542
0.5230213125192474
0.524728928034898
0.5255153480931245
0.5234368913299854
0.5214564101830688
0.5204657252350235
0.5207914973357982
0.5201890057530897
0.5198500361170664
0.520557265626569
0.5192203475491284
0.5194350335712254
0.5201131439395489
0.5198511345671123
0.5181862023979589
0.5191023890864241
0.5172985416399538
0.5171812448887105
0.516722314213151
0.5168832430945726
0.5160607947864809
0.5149826782705663
0.5161690859914791
0.5159363769486974
0.5156473143857548
0.5162976660262405
0.5160663183788496
