0.605736894907999
0.5643937290975656
0.54449526241883
0.5369308570148238
0.5321050682032833
0.5287743358194495
0.5247927590684529
0.5225342694881117
0.5233235079849726
0.5206416904059745
0.5203296308890066
0.5177732342136243
0.5164614004157884
0.5166909595240168
0.515840816853092
0.5142873537394689
0.5149107189475183
0.514044381918672
0.513690071279746
0.5128940816223366
0.5127260361801241
0.512373839135303
0.5105332231403088
0.5101085415251011
0.5108021244917843
0.5104828383271359
0.5091916628173857
0.5099456606282987
0.509046479889827
0.50961601408247
0.5091097072315864
0.5085534700141431
0.5069195224479869
0.5074699427976304
0.5071035957014587
0.5080363724149358
0.5067275709519927
0.5065244926246673
0.5068308622063119
0.5066908029175324
0.5067510376864888
0.5060718513312846
0.5067159854990886
0.5056679727141231
0.5057531215800205
0.5055786766736314
0.5055856414932602
0.5055682735880572
0.5050755224488227
0.5049652403692994
