1.4308985727759262
0.7349162891771768
0.7049730197591966
0.6749663025748871
0.6692519855758874
0.6526604397719493
0.6208289328690605
0.609928355918945
0.601923714321223
0.5930034087089654
0.5847976054764068
0.5791185196334263
0.5771224893469779
0.5738592705797702
0.5681419542256626
0.5658252706357857
0.5639232558789599
0.5637612287283231
0.5581229519100986
0.5604472136782844
0.5571237710197844
0.5526783713465411
0.5531434257684943
0.5511451838253464
0.5521278379408637
0.5516027520625766
0.5483183929769931
0.5485841514782515
0.546939621539432
0.5454330909205035
0.5460274580171053
0.5467241836459535
0.5471673470202408
0.5465642112152178
0.5465348336684029
0.5433791519680607
0.5432138481253934
0.5426746330559267
0.5428822275186339
0.5424126202657124
0.5414511936052506
0.5410575631198055
0.5430974274852766
0.5406891918784348
0.5384084037074922
0.5382127588288267
0.5379086136799132
0.5373987229004306
0.5387904417073409
0.5398499219236489
