9.292156205148078
6.75576708554369
0.7565077127560782
0.646413190294885
0.6140014094887819
0.5950085873383149
0.5836216702891462
0.5732291529404724
0.5688165500954686
0.5594427755069984
0.5554696460015307
0.5502832990417826
0.547268586081236
0.545015076576538
0.5425093672800423
0.5447129654341736
0.5416095170397521
0.538899380748221
0.5364303157530124
0.5392972066167663
0.532909991269632
0.5339067022023699
0.5335838800481568
0.5361801543239256
0.5326788639215682
0.533680589349026
0.5308090649859162
0.5320193169848086
0.528918956234156
0.5300430280645569
0.5290378539380401
0.5280051412610874
0.5282866767037964
0.5272759042219477
0.5289860084961706
0.5263528066249165
0.5257870759901705
0.5255647641265792
0.525726688919044
0.5256815730786268
0.526225867061519
0.5269612532367108
0.5266351799202479
0.5258196624445163
0.5244857197665513
0.5271271226131636
0.5263100876570069
0.5270707138677053
0.5238887323032763
0.5236597827318504
