0.6001782128210696
0.5639929745615356
0.5379142087467739
0.5300012230459704
0.5261581159644476
0.5235896102901056
0.5205071655351979
0.5188332868644243
0.5188127652779772
0.5165787495333546
0.5153971652059182
0.51456002842827
0.5142637377783277
0.5141027195059868
0.5139781601889926
0.5132962563359179
0.5129039848538103
0.5124690655153771
0.5128624990257296
0.5115174930508821
0.5124284637069019
0.5113428658229919
0.5103554152805296
0.5117549398297585
0.5107066020812179
0.5098814756388618
0.5107240155702635
0.510095216150499
0.5103437070769262
0.5100344338855276
0.5089702295622297
0.5087472318086462
0.5089508196004464
0.5085969024015163
0.5087822322275106
0.5088653717424938
0.5088784737299283
0.5081264883115364
0.509090644758491
0.5082986652086066
0.5082184972845247
0.5077871503961618
0.5084249807672601
0.5084103174566165
0.5087465564748765
0.5070104010345233
0.5081378026158135
0.5083962565644912
0.5076565201008747
0.5073909204237496
