9.826064550428626
10.116273380576718
10.146773609787932
10.086225653347938
8.92716568862291
2.8775649597711457
1.317507098446401
1.0230521460535638
0.9028951412959931
0.8053364589412193
0.748893600314358
0.7232595770543493
0.7134988415057653
0.6838412064399033
0.6723070911615449
0.6577742382285263
0.65345529698153
0.6329751865508685
0.629970178588897
0.6328294683381035
0.6236197070225062
0.6159398545954027
0.6157163017406257
0.607257011796311
0.6113001523574979
0.6071078803721434
0.6042582403532514
0.6097004027344034
0.6008349046238872
0.603355860193551
0.5937320193467926
0.603833934029671
0.5980123021687517
0.5999847712609949
0.5966215406179932
0.594867058815441
0.5903519773374946
0.5908452187743096
0.5864559708996029
0.588770981108807
0.5901835162601233
0.58433157771873
0.5926301375395463
0.5948730084187813
0.5863540042300083
0.5864332659241037
0.5832732440823618
0.5849317790637644
0.5838993285684313
0.5826104625832587
