0.6027832088355596
0.5649068083073944
0.5413209597972325
0.5278359532053194
0.523663891976033
0.5203985044043252
0.5171642167173786
0.5158153834555382
0.5142264093551655
0.5126181146248419
0.5103988263207913
0.5102415687179083
0.5094883017936406
0.5087181597280601
0.5083325112089688
0.5077037953593505
0.5067574068484275
0.5070051565566553
0.5067166948648814
0.5057979727803733
0.5052345344432028
0.505049900750273
0.505081383309769
0.5046427490962043
0.5046836458927426
0.5042617065360728
0.5043198338991093
0.5038022690403732
0.5036498664593445
0.5039773673352943
0.5026425138174235
0.5033651986090839
0.5034108138842951
0.5032093597885569
0.5030990106916954
0.502846059870817
0.5025908800289681
0.5023309399163126
0.5024682329296312
0.5023416918263139
0.5024785357205134
0.5018304713271763
0.5008517813131261
0.5020678564519832
0.5019311124375446
0.5007751060875494
0.5009338390240561
0.5012050802597616
0.5014099730469544
0.5015513311322615
